Images	Registration Score	Mean ON	Mean OFF	Separation Metric	Num ON	Signal To Noise	Cut Off	Focus Score 1
R01C01_1_Swath1_Channel1	1.549352	6423.52	693.6619	147805	1636242	2.024329	2381	0.5413019
R01C01_1_Swath1_Channel2	1.549352	11283.81	1738.893	137735	1139305	1.999055	5173	0.4980263
R01C01_1_Channel1	0	6423.52	693.6619	147805	1636242	2.024329	2381	
R01C01_1_Channel2	0	11283.81	1738.893	137735	1139305	1.999055	5173	
R01C01_2_Swath1_Channel1	1.550076	6466.622	682.1855	148388	1662205	1.991861	2307	0.5373748
R01C01_2_Swath1_Channel2	1.550076	11180.65	1724.872	140042	1151787	1.981728	5064	0.4959229
R01C01_2_Channel1	0	6466.622	682.1855	148388	1662205	1.991861	2307	
R01C01_2_Channel2	0	11180.65	1724.872	140042	1151787	1.981728	5064	
R01C01_3_Swath1_Channel1	1.550749	6751.435	749.9977	162988	1624867	2.018699	2545	0.5370672
R01C01_3_Swath1_Channel2	1.550749	11373.02	1754.649	139711	1149421	1.978481	5161	0.4915032
R01C01_3_Channel1	0	6751.435	749.9977	162988	1624867	2.018699	2545	
R01C01_3_Channel2	0	11373.02	1754.649	139711	1149421	1.978481	5161	
R01C01_4_Swath1_Channel1	1.543715	7140.103	899.46	157527	1484617	2.053466	3053	0.5279509
R01C01_4_Swath1_Channel2	1.543715	11456.31	1761.618	137636	1107322	1.976637	5290	0.4781419
R01C01_4_Channel1	0	7140.103	899.46	157527	1484617	2.053466	3053	
R01C01_4_Channel2	0	11456.31	1761.618	137636	1107322	1.976637	5290	
R01C01_5_Swath1_Channel1	1.550955	7617.664	859.4971	158539	1592623	1.972438	2904	0.5335295
R01C01_5_Swath1_Channel2	1.550955	12558.25	1886.705	137431	1109363	1.970103	5734	0.4781258
R01C01_5_Channel1	0	7617.664	859.4971	158539	1592623	1.972438	2904	
R01C01_5_Channel2	0	12558.25	1886.705	137431	1109363	1.970103	5734	
R02C01_1_Swath1_Channel1	1.555769	7623.864	865.3419	153730	1616539	2.005701	2873	0.5379184
R02C01_1_Swath1_Channel2	1.555769	11958.79	1801.398	148316	1107374	1.990481	5473	0.4721724
R02C01_1_Channel1	0	7623.864	865.3419	153730	1616539	2.005701	2873	
R02C01_1_Channel2	0	11958.79	1801.398	148316	1107374	1.990481	5473	
R02C01_2_Swath1_Channel1	1.553311	7781.086	886.4969	152573	1621301	2.009977	2920	0.5354738
R02C01_2_Swath1_Channel2	1.553311	11967.91	1804.056	136178	1120497	1.991694	5427	0.4741697
R02C01_2_Channel1	0	7781.086	886.4969	152573	1621301	2.009977	2920	
R02C01_2_Channel2	0	11967.91	1804.056	136178	1120497	1.991694	5427	
R02C01_3_Swath1_Channel1	1.55727	8163.566	916.9587	152858	1635550	1.998774	3003	0.539314
R02C01_3_Swath1_Channel2	1.55727	12299.35	1849.686	135457	1119698	1.993739	5575	0.4756921
R02C01_3_Channel1	0	8163.566	916.9587	152858	1635550	1.998774	3003	
R02C01_3_Channel2	0	12299.35	1849.686	135457	1119698	1.993739	5575	
R02C01_4_Swath1_Channel1	1.551071	9072.392	1253.828	156412	1415221	2.124878	4177	0.5336702
R02C01_4_Swath1_Channel2	1.551071	12494.92	1855.511	134719	1095551	1.979827	5682	0.4612034
R02C01_4_Channel1	0	9072.392	1253.828	156412	1415221	2.124878	4177	
R02C01_4_Channel2	0	12494.92	1855.511	134719	1095551	1.979827	5682	
R02C01_5_Swath1_Channel1	1.558508	9222.091	1071.445	156273	1579194	2.001872	3566	0.5363682
R02C01_5_Swath1_Channel2	1.558508	13447.13	1975.918	132698	1093535	1.989358	6115	0.4724619
R02C01_5_Channel1	0	9222.091	1071.445	156273	1579194	2.001872	3566	
R02C01_5_Channel2	0	13447.13	1975.918	132698	1093535	1.989358	6115	
R03C01_1_Swath1_Channel1	1.55622	9489.766	1290.855	152832	1452522	2.144655	4288	0.5434943
R03C01_1_Swath1_Channel2	1.55622	12722.82	1936.557	137451	1114801	1.982013	5785	0.4806533
R03C01_1_Channel1	0	9489.766	1290.855	152832	1452522	2.144655	4288	
R03C01_1_Channel2	0	12722.82	1936.557	137451	1114801	1.982013	5785	
R03C01_2_Swath1_Channel1	1.558305	9803.672	1381.691	153913	1422633	2.165035	4551	0.5491971
R03C01_2_Swath1_Channel2	1.558305	12934.09	1976.251	138545	1111937	1.976757	5882	0.4846617
R03C01_2_Channel1	0	9803.672	1381.691	153913	1422633	2.165035	4551	
R03C01_2_Channel2	0	12934.09	1976.251	138545	1111937	1.976757	5882	
R03C01_3_Swath1_Channel1	1.558976	10041.39	1394.351	153756	1439528	2.155516	4599	0.547701
R03C01_3_Swath1_Channel2	1.558976	13058.27	1999.058	137871	1119884	1.982368	5931	0.4834423
R03C01_3_Channel1	0	10041.39	1394.351	153756	1439528	2.155516	4599	
R03C01_3_Channel2	0	13058.27	1999.058	137871	1119884	1.982368	5931	
R03C01_4_Swath1_Channel1	1.556253	10374.94	1444.496	141685	1418425	2.132927	4734	0.5438838
R03C01_4_Swath1_Channel2	1.556253	13310.66	2026.953	137941	1104306	1.980758	6048	0.4811254
R03C01_4_Channel1	0	10374.94	1444.496	141685	1418425	2.132927	4734	
R03C01_4_Channel2	0	13310.66	2026.953	137941	1104306	1.980758	6048	
R03C01_5_Swath1_Channel1	1.560364	10664.81	1473.247	154003	1424470	2.147	4894	0.5486588
R03C01_5_Swath1_Channel2	1.560364	13709.26	2062.802	134931	1107198	1.996318	6212	0.4939688
R03C01_5_Channel1	0	10664.81	1473.247	154003	1424470	2.147	4894	
R03C01_5_Channel2	0	13709.26	2062.802	134931	1107198	1.996318	6212	
R04C01_1_Swath1_Channel1	1.558841	9527.274	1127.215	161857	1559353	2.094195	3850	0.5466079
R04C01_1_Swath1_Channel2	1.558841	12462.46	1875.322	136731	1122407	1.997049	5643	0.4951769
R04C01_1_Channel1	0	9527.274	1127.215	161857	1559353	2.094195	3850	
R04C01_1_Channel2	0	12462.46	1875.322	136731	1122407	1.997049	5643	
R04C01_2_Swath1_Channel1	1.560326	9525.476	1067.972	148408	1610378	2.050368	3608	0.5464547
R04C01_2_Swath1_Channel2	1.560326	12494.56	1890.979	137515	1135218	1.999996	5644	0.4894445
R04C01_2_Channel1	0	9525.476	1067.972	148408	1610378	2.050368	3608	
R04C01_2_Channel2	0	12494.56	1890.979	137515	1135218	1.999996	5644	
R04C01_3_Swath1_Channel1	1.560367	9733.36	1073.848	148357	1622405	2.03675	3616	0.5446015
R04C01_3_Swath1_Channel2	1.560367	12754.6	1930.926	136601	1135768	2.001664	5768	0.491844
R04C01_3_Channel1	0	9733.36	1073.848	148357	1622405	2.03675	3616	
R04C01_3_Channel2	0	12754.6	1930.926	136601	1135768	2.001664	5768	
R04C01_4_Swath1_Channel1	1.558978	9773.793	1045.026	149690	1632616	1.998836	3498	0.542986
R04C01_4_Swath1_Channel2	1.558978	13021.67	1956.03	136376	1125246	2.002794	5883	0.4884265
R04C01_4_Channel1	0	9773.793	1045.026	149690	1632616	1.998836	3498	
R04C01_4_Channel2	0	13021.67	1956.03	136376	1125246	2.002794	5883	
R04C01_5_Swath1_Channel1	1.559228	9905.283	1168.879	154954	1533888	2.046216	4011	0.5411347
R04C01_5_Swath1_Channel2	1.559228	13221.78	1973.725	132735	1089697	2.008276	6071	0.4902723
R04C01_5_Channel1	0	9905.283	1168.879	154954	1533888	2.046216	4011	
R04C01_5_Channel2	0	13221.78	1973.725	132735	1089697	2.008276	6071	
R05C01_1_Swath1_Channel1	1.558006	10495.17	1410.839	157235	1433364	2.12755	4736	0.5457911
R05C01_1_Swath1_Channel2	1.558006	13329.65	1975.398	133514	1098349	2.001844	6025	0.4900697
R05C01_1_Channel1	0	10495.17	1410.839	157235	1433364	2.12755	4736	
R05C01_1_Channel2	0	13329.65	1975.398	133514	1098349	2.001844	6025	
R05C01_2_Swath1_Channel1	1.559884	10537.77	1416.432	157502	1432523	2.12351	4759	0.537749
R05C01_2_Swath1_Channel2	1.559884	13398.09	2000.108	132533	1087045	2.016024	6134	0.4772747
R05C01_2_Channel1	0	10537.77	1416.432	157502	1432523	2.12351	4759	
R05C01_2_Channel2	0	13398.09	2000.108	132533	1087045	2.016024	6134	
R05C01_3_Swath1_Channel1	1.558453	10864.53	1537.733	155048	1378222	2.171074	5161	0.5383508
R05C01_3_Swath1_Channel2	1.558453	13486.7	1990.939	134088	1105553	2.00909	6075	0.4827924
R05C01_3_Channel1	0	10864.53	1537.733	155048	1378222	2.171074	5161	
R05C01_3_Channel2	0	13486.7	1990.939	134088	1105553	2.00909	6075	
R05C01_4_Swath1_Channel1	1.557253	10787.73	1444.834	157262	1417845	2.114734	4868	0.5322661
R05C01_4_Swath1_Channel2	1.557253	13764.61	2022.534	145311	1088867	2.012832	6245	0.4702629
R05C01_4_Channel1	0	10787.73	1444.834	157262	1417845	2.114734	4868	
R05C01_4_Channel2	0	13764.61	2022.534	145311	1088867	2.012832	6245	
R05C01_5_Swath1_Channel1	1.558765	10850.1	1454.026	158680	1417419	2.105868	4907	0.5322454
R05C01_5_Swath1_Channel2	1.558765	14288.38	2068.984	131743	1082547	2.001083	6452	0.4787582
R05C01_5_Channel1	0	10850.1	1454.026	158680	1417419	2.105868	4907	
R05C01_5_Channel2	0	14288.38	2068.984	131743	1082547	2.001083	6452	
R06C01_1_Swath1_Channel1	1.55545	10707.48	1490.02	159196	1380920	2.120158	5001	0.5314392
R06C01_1_Swath1_Channel2	1.55545	13380.3	1948.193	132720	1087425	1.997598	6049	0.4717651
R06C01_1_Channel1	0	10707.48	1490.02	159196	1380920	2.120158	5001	
R06C01_1_Channel2	0	13380.3	1948.193	132720	1087425	1.997598	6049	
R06C01_2_Swath1_Channel1	1.556001	10677.7	1453.665	157489	1406476	2.116755	4889	0.5289495
R06C01_2_Swath1_Channel2	1.556001	13573.91	1989.615	145466	1093195	2.009251	6156	0.4716963
R06C01_2_Channel1	0	10677.7	1453.665	157489	1406476	2.116755	4889	
R06C01_2_Channel2	0	13573.91	1989.615	145466	1093195	2.009251	6156	
R06C01_3_Swath1_Channel1	1.556126	10876.18	1478.02	157854	1413762	2.119959	4979	0.5278559
R06C01_3_Swath1_Channel2	1.556126	13776.6	2013.117	132965	1103960	2.006047	6203	0.4644678
R06C01_3_Channel1	0	10876.18	1478.02	157854	1413762	2.119959	4979	
R06C01_3_Channel2	0	13776.6	2013.117	132965	1103960	2.006047	6203	
R06C01_4_Swath1_Channel1	1.553588	11113.15	1493.072	157993	1408277	2.101696	5015	0.5325388
R06C01_4_Swath1_Channel2	1.553588	14406.09	2098.27	132829	1091918	2.000178	6498	0.4707436
R06C01_4_Channel1	0	11113.15	1493.072	157993	1408277	2.101696	5015	
R06C01_4_Channel2	0	14406.09	2098.27	132829	1091918	2.000178	6498	
R06C01_5_Swath1_Channel1	1.556561	10896.72	1465.291	160295	1413334	2.098428	4941	0.5368843
R06C01_5_Swath1_Channel2	1.556561	14896.92	2141.426	131590	1076011	1.997187	6735	0.474559
R06C01_5_Channel1	0	10896.72	1465.291	160295	1413334	2.098428	4941	
R06C01_5_Channel2	0	14896.92	2141.426	131590	1076011	1.997187	6735	
R07C01_1_Swath1_Channel1	1.561013	10596.73	1199.336	154867	1610396	2.002428	3987	0.5452599
R07C01_1_Swath1_Channel2	1.561013	14565.15	2140.42	132249	1114061	2.016011	6571	0.4827021
R07C01_1_Channel1	0	10596.73	1199.336	154867	1610396	2.002428	3987	
R07C01_1_Channel2	0	14565.15	2140.42	132249	1114061	2.016011	6571	
R07C01_2_Swath1_Channel1	1.559075	10383.03	1230.584	155064	1556429	2.032718	4129	0.5373318
R07C01_2_Swath1_Channel2	1.559075	14128.2	2075.818	132928	1104040	2.002863	6389	0.4795851
R07C01_2_Channel1	0	10383.03	1230.584	155064	1556429	2.032718	4129	
R07C01_2_Channel2	0	14128.2	2075.818	132928	1104040	2.002863	6389	
R07C01_3_Swath1_Channel1	1.56198	10378.44	1142.957	153148	1625175	1.992219	3810	0.5384089
R07C01_3_Swath1_Channel2	1.56198	14430.38	2112.769	131993	1113179	2.014973	6507	0.4811268
R07C01_3_Channel1	0	10378.44	1142.957	153148	1625175	1.992219	3810	
R07C01_3_Channel2	0	14430.38	2112.769	131993	1113179	2.014973	6507	
R07C01_4_Swath1_Channel1	1.561255	10442.44	1203.893	155260	1569125	2.019527	4069	0.5369313
R07C01_4_Swath1_Channel2	1.561255	14651.69	2137.426	143671	1090722	2.015089	6662	0.473534
R07C01_4_Channel1	0	10442.44	1203.893	155260	1569125	2.019527	4069	
R07C01_4_Channel2	0	14651.69	2137.426	143671	1090722	2.015089	6662	
R07C01_5_Swath1_Channel1	1.558694	10850.25	1388.24	153905	1474050	2.116072	4744	0.5397078
R07C01_5_Swath1_Channel2	1.558694	15238.46	2184.619	129425	1088603	2.015898	6875	0.4752345
R07C01_5_Channel1	0	10850.25	1388.24	153905	1474050	2.116072	4744	
R07C01_5_Channel2	0	15238.46	2184.619	129425	1088603	2.015898	6875	
R08C01_1_Swath1_Channel1	1.558263	10490.96	1233.821	164937	1539913	2.073151	4255	0.5309561
R08C01_1_Swath1_Channel2	1.558263	14068.39	2051.664	143174	1096157	2.0181	6387	0.4607449
R08C01_1_Channel1	0	10490.96	1233.821	164937	1539913	2.073151	4255	
R08C01_1_Channel2	0	14068.39	2051.664	143174	1096157	2.0181	6387	
R08C01_2_Swath1_Channel1	1.560048	10625.06	1398.493	151352	1365524	2.161278	4887	0.5159087
R08C01_2_Swath1_Channel2	1.560048	13521.97	1903.367	129888	1022217	1.971132	6119	0.4473923
R08C01_2_Channel1	0	10625.06	1398.493	151352	1365524	2.161278	4887	
R08C01_2_Channel2	0	13521.97	1903.367	129888	1022217	1.971132	6119	
R08C01_3_Swath1_Channel1	1.549983	10697.06	1362.393	144767	1308949	2.16815	4907	0.507385
R08C01_3_Swath1_Channel2	1.549983	13743.46	1788.035	133276	958510	1.978167	6141	0.4241174
R08C01_3_Channel1	0	10697.06	1362.393	144767	1308949	2.16815	4907	
R08C01_3_Channel2	0	13743.46	1788.035	133276	958510	1.978167	6141	
R08C01_4_Swath1_Channel1	1.544611	10936.12	1332.439	143843	1289292	2.143939	4866	0.5014923
R08C01_4_Swath1_Channel2	1.544611	14422.27	1796.025	127737	915560	1.975838	6439	0.3944158
R08C01_4_Channel1	0	10936.12	1332.439	143843	1289292	2.143939	4866	
R08C01_4_Channel2	0	14422.27	1796.025	127737	915560	1.975838	6439	
R08C01_5_Swath1_Channel1	1.528418	10668.97	1276.243	143345	1242250	2.125877	4769	0.4911236
R08C01_5_Swath1_Channel2	1.528418	14599.71	1718.507	121812	869574	1.956723	6540	0.3653015
R08C01_5_Channel1	0	10668.97	1276.243	143345	1242250	2.125877	4769	
R08C01_5_Channel2	0	14599.71	1718.507	121812	869574	1.956723	6540	
Serial Number: 206103240009   Descriptor: BeadChip 8x5   ScanSetting Name: Methylation NXT
Serial Number: 206103240009   ScanSetting Path: C:\Program Files (x86)\Illumina\iScan Control Software\Scan Settings\iScanPlus\Methylation NXT.scst
Serial Number: 206103240009   Core pitch from SDF: 2.4
<?xml version="1.0"?>
<ScanSettings xmlns:xsi="http://www.w3.org/2001/XMLSchema-instance" xmlns:xsd="http://www.w3.org/2001/XMLSchema">
  <Version>16</Version>
  <Assay />
  <ScanSettingType>System</ScanSettingType>
  <ArrayType>BeadChip</ArrayType>
  <SaveImages>true</SaveImages>
  <ImageFormat>Jpeg</ImageFormat>
  <JpegQuality>5</JpegQuality>
  <Channels>
    <string>Grn</string>
    <string>Red</string>
  </Channels>
  <EnableAnalysis>true</EnableAnalysis>
  <ExtractionMethod>AVG_3x3_SHARP</ExtractionMethod>
  <BackgroundMethod>BOX_17x17</BackgroundMethod>
  <RegistrationQuality>
    <CheckMinimum>true</CheckMinimum>
    <CheckMaximum>true</CheckMaximum>
    <Minimum>0.75</Minimum>
    <Maximum>100</Maximum>
  </RegistrationQuality>
  <Saturation>
    <CheckMinimum>true</CheckMinimum>
    <CheckMaximum>true</CheckMaximum>
    <Minimum>0</Minimum>
    <Maximum>1000</Maximum>
  </Saturation>
  <FocusQuality>
    <CheckMinimum>true</CheckMinimum>
    <CheckMaximum>true</CheckMaximum>
    <Minimum>-100</Minimum>
    <Maximum>100</Maximum>
  </FocusQuality>
  <Percentile05BeadIntensity>
    <CheckMinimum>true</CheckMinimum>
    <CheckMaximum>true</CheckMaximum>
    <Minimum>-1000</Minimum>
    <Maximum>50000</Maximum>
  </Percentile05BeadIntensity>
  <Percentile95BeadIntensity>
    <CheckMinimum>true</CheckMinimum>
    <CheckMaximum>true</CheckMaximum>
    <Minimum>-1000</Minimum>
    <Maximum>90000</Maximum>
  </Percentile95BeadIntensity>
  <ExportBeadData>false</ExportBeadData>
  <IncludeXYInBeadData>false</IncludeXYInBeadData>
  <ExportBeadTypeData>false</ExportBeadTypeData>
  <IncludeOutliers>false</IncludeOutliers>
  <PerformRegistrationRetry>false</PerformRegistrationRetry>
  <RegistrationRetryDll>RegSupport1.6.2.44</RegistrationRetryDll>
  <GreenChannelFilter />
  <RedChannelFilter />
  <RegSupportDLL>Register522</RegSupportDLL>
  <Resolution>HighRes1x1</Resolution>
  <ScanVelocity>1.25</ScanVelocity>
  <DynamicFocusSettings>
    <MaxInitialZJumpHalfUm>3</MaxInitialZJumpHalfUm>
    <MaxSubsequentZJumpHalfUm>5</MaxSubsequentZJumpHalfUm>
    <NumberOfInitialZJumps>5</NumberOfInitialZJumps>
    <CVGainStart>500</CVGainStart>
    <CVGainPosLocked>500</CVGainPosLocked>
    <Offset>250</Offset>
    <HotPixel>350</HotPixel>
    <MotorDelayFrames>20</MotorDelayFrames>
	<DitherSize>250</DitherSize>
	<IntensityCeiling>65535</IntensityCeiling>
	<IGain>0</IGain>
	<IHistory>4</IHistory>
  </DynamicFocusSettings>
  <ZFocusOffset>0</ZFocusOffset>
  <CreateIDATsDespiteBadRegistration>true</CreateIDATsDespiteBadRegistration>
  <FocusArchitecture>ReflectiveFocusDynamicScan</FocusArchitecture>
  <SwathFocusMode>PerSection</SwathFocusMode>
  <OutlierRemovalLowRepHighVariance>false</OutlierRemovalLowRepHighVariance>
  <OutlierRemovalLowerMinBeadThreshold>true</OutlierRemovalLowerMinBeadThreshold>
  <CorrectCrossTalk>false</CorrectCrossTalk>
  <FixTapBoundaries>false</FixTapBoundaries>
  <EnableGridCorrection>true</EnableGridCorrection>
</ScanSettings>

